Time Stage 0:
All Tags:#所有可被标签评论的心态标签
  [1, 2, 2, 2, 2, 2, 2, 2, 2, 2, 3, 3, 3, 3, 3, 3, 3, 3, 3, 3]
  [3, 4, 4, 4, 4, 4, 4, 4, 4, 4, 4, 4, 4, 6, 6, 6, 9, 11, 11, 12]
  [12, 12, 13, 13, 13, 13, 13, 13, 13, 13]
心态标签的均值: 5.78
心态标签的方差: 17.451600000000006
心态标签的频率:
  1: 2.0%    2: 18.0%    3: 22.0%    4: 24.0%    5: 0.0%    6: 6.0%    7: 0.0%    8: 0.0%    9: 2.0%    10: 0.0%    11: 4.0%    12: 6.0%    13: 16.0%    14: 0.0%  
Key Words:#(新闻评论的关键词,TF-IDF值)
  [('武汉', 0.12511546828877698), ('医护人员', 0.06700754742041118), ('钟南山', 0.05860241484593034), ('病毒', 0.05738221843054211)]
  [('野味', 0.05360603793632894), ('医务人员', 0.04692619673133499), ('口罩', 0.04551781165088109), ('滚动', 0.04504309281203203)]


Time Stage 1:
All Tags:#所有可被标签评论的心态标签
  [1, 1, 1, 1, 1, 1, 2, 2, 2, 2, 2, 2, 2, 2, 2, 2, 2, 2, 2, 2]
  [2, 3, 3, 3, 3, 3, 3, 3, 3, 3, 3, 3, 3, 3, 3, 3, 3, 3, 3, 3]
  [3, 3, 3, 3, 3, 3, 3, 3, 3, 3, 3, 3, 4, 4, 4, 4, 4, 4, 4, 4]
  [4, 4, 4, 4, 4, 4, 4, 4, 4, 4, 4, 4, 4, 4, 4, 4, 4, 6, 6, 6]
  [6, 6, 6, 6, 6, 8, 8, 9, 10, 11, 11, 11, 11, 11, 11, 11, 11, 11, 11, 11]
  [11, 12, 12, 12, 12, 12, 12, 12, 12, 12, 12, 12, 12, 12, 12, 12, 12, 12, 12, 12]
  [12, 12, 12, 12, 12, 13, 13, 13, 13, 13, 13, 13, 13, 13, 13, 13, 13, 13, 13, 13]
  [13, 13, 13, 13, 13, 13, 13, 13, 13, 13, 13, 13, 13, 13, 13, 13, 13, 13, 14, 14]
  [14, 14, 14]
心态标签的均值: 7.552147239263804
心态标签的方差: 21.535624223719392
心态标签的频率:
  1: 3.6809815950920246%    2: 9.202453987730062%    3: 19.01840490797546%    4: 15.337423312883436%    5: 0.0%    6: 4.9079754601226995%    7: 0.0%    8: 1.2269938650306749%    9: 0.6134969325153374%    10: 0.6134969325153374%    11: 7.361963190184049%    12: 14.723926380368098%    13: 20.245398773006134%    14: 3.067484662576687%  
Key Words:#(新闻评论的关键词,TF-IDF值)
  [('一级', 0.06851145199171817), ('疾控中心', 0.056802374968452), ('号线', 0.04898691438083343), ('武汉', 0.03787875938545691)]
  [('延期', 0.03404145797630035), ('封城', 0.03314949242275819), ('医护人员', 0.028401187484226), ('响应', 0.02838146072444186)]
  [('物资', 0.025157333050504833), ('疫情', 0.02364603071981575), ('口罩', 0.02204885786044322), ('麻将馆', 0.02204486786744802)]


Time Stage 2:
All Tags:#所有可被标签评论的心态标签
  [1, 1, 1, 1, 1, 1, 1, 1, 1, 1, 1, 1, 1, 2, 2, 2, 2, 2, 2, 2]
  [2, 2, 2, 2, 2, 2, 2, 2, 2, 2, 2, 2, 2, 2, 2, 2, 2, 2, 2, 2]
  [2, 2, 2, 3, 3, 3, 3, 3, 3, 3, 3, 3, 3, 3, 3, 3, 3, 3, 3, 3]
  [3, 3, 3, 3, 3, 3, 3, 3, 3, 3, 3, 3, 3, 3, 3, 3, 3, 3, 3, 3]
  [3, 3, 3, 3, 3, 3, 3, 3, 3, 3, 3, 3, 3, 3, 3, 3, 3, 3, 3, 4]
  [4, 4, 4, 4, 4, 4, 4, 4, 4, 4, 4, 4, 4, 4, 4, 4, 4, 4, 4, 4]
  [4, 4, 4, 4, 4, 4, 4, 4, 4, 4, 4, 4, 4, 4, 4, 4, 4, 4, 4, 4]
  [4, 4, 4, 4, 4, 4, 4, 4, 4, 4, 4, 4, 4, 4, 4, 4, 4, 4, 4, 4]
  [4, 4, 4, 4, 5, 5, 5, 5, 6, 6, 6, 6, 6, 6, 6, 6, 6, 6, 6, 6]
  [6, 7, 7, 8, 8, 8, 8, 8, 8, 9, 10, 10, 10, 11, 11, 11, 11, 11, 11, 11]
  [11, 11, 11, 11, 11, 11, 11, 11, 11, 11, 11, 11, 11, 11, 11, 11, 11, 11, 11, 11]
  [11, 11, 11, 11, 11, 12, 12, 12, 12, 12, 12, 12, 12, 12, 12, 12, 12, 12, 12, 12]
  [12, 12, 12, 12, 12, 12, 12, 12, 12, 12, 12, 12, 12, 12, 12, 12, 12, 12, 12, 12]
  [12, 12, 12, 12, 12, 12, 13, 13, 13, 13, 13, 13, 13, 13, 13, 13, 13, 13, 13, 13]
  [13, 13, 13, 13, 13, 13, 13, 13, 13, 13, 13, 13, 13, 13, 13, 13, 13, 13, 13, 13]
  [13, 13, 13, 13, 13, 13, 13, 13, 13, 13, 13, 13, 13, 13, 13, 13, 13, 13, 13, 13]
  [13, 13, 13, 13, 13, 13, 13, 13, 13, 13, 13, 13, 13, 13, 13, 13, 13, 13, 13, 14]
  [14, 14, 14, 14, 14, 14, 14, 14, 14, 14]
心态标签的均值: 7.562857142857143
心态标签的方差: 21.023191836734668
心态标签的频率:
  1: 3.7142857142857144%    2: 8.571428571428571%    3: 16.0%    4: 18.571428571428573%    5: 1.1428571428571428%    6: 3.7142857142857144%    7: 0.5714285714285714%    8: 1.7142857142857142%    9: 0.2857142857142857%    10: 0.8571428571428571%    11: 9.142857142857142%    12: 11.714285714285714%    13: 20.857142857142858%    14: 3.142857142857143%  
Key Words:#(新闻评论的关键词,TF-IDF值)
  [('疫情', 0.06187081722177354), ('辅警', 0.029908826580397313), ('武汉', 0.029733402104072937), ('孝感', 0.020623605740591182)]
  [('病人', 0.020435275165699013), ('中医', 0.019430662320574225), ('口罩', 0.01762803422927666), ('浙江人', 0.017186338117159316)]
  [('自愈', 0.01709075804594132), ('隔离', 0.017065793180459417), ('考生', 0.01539186929635474), ('防疫', 0.014442533316248497)]
  [('防控', 0.014442533316248497), ('病毒', 0.014141816572272281), ('钟老', 0.013749070493727453), ('调剂', 0.013749070493727453)]
  [('医护人员', 0.01321117894003094), ('汉川', 0.012818068534455992), ('抗疫', 0.012818068534455992), ('形式主义', 0.012771689540141561)]
  [('高考', 0.012329690490853298), ('工会主席', 0.012078226717620518), ('清清楚楚', 0.011564935702375791), ('中药', 0.01121728841973331)]


Time Stage 3:
All Tags:#所有可被标签评论的心态标签
  [1, 1, 1, 1, 1, 1, 1, 1, 1, 1, 1, 1, 1, 1, 1, 1, 1, 1, 1, 1]
  [1, 1, 1, 1, 1, 1, 1, 1, 1, 1, 1, 1, 1, 1, 1, 1, 1, 1, 1, 1]
  [1, 1, 1, 1, 1, 1, 1, 1, 1, 1, 1, 1, 1, 1, 1, 1, 1, 1, 1, 1]
  [1, 1, 1, 1, 2, 2, 2, 2, 2, 2, 2, 2, 2, 2, 2, 2, 2, 2, 2, 2]
  [2, 2, 2, 2, 2, 2, 2, 2, 2, 2, 2, 2, 2, 2, 2, 2, 2, 2, 2, 2]
  [2, 2, 2, 2, 2, 2, 2, 2, 2, 2, 2, 2, 2, 2, 2, 2, 2, 2, 2, 2]
  [2, 2, 2, 2, 2, 2, 2, 2, 2, 2, 2, 2, 2, 2, 2, 2, 2, 2, 2, 2]
  [2, 2, 2, 2, 2, 2, 2, 2, 2, 2, 2, 2, 2, 2, 2, 2, 2, 2, 2, 2]
  [2, 2, 2, 2, 2, 2, 2, 2, 2, 2, 2, 2, 2, 2, 2, 2, 2, 2, 2, 2]
  [2, 3, 3, 3, 3, 3, 3, 3, 3, 3, 3, 3, 3, 3, 3, 3, 3, 3, 3, 3]
  [3, 3, 3, 3, 3, 3, 3, 3, 3, 3, 3, 3, 3, 3, 3, 3, 3, 3, 3, 3]
  [3, 3, 3, 3, 3, 3, 3, 3, 3, 3, 3, 3, 3, 3, 3, 3, 3, 3, 3, 3]
  [3, 3, 3, 3, 3, 3, 3, 3, 3, 3, 3, 3, 3, 3, 3, 3, 3, 3, 3, 3]
  [3, 3, 3, 3, 3, 3, 3, 3, 3, 3, 3, 3, 3, 3, 3, 3, 3, 3, 3, 3]
  [3, 3, 3, 3, 3, 3, 3, 3, 3, 3, 3, 3, 3, 3, 3, 3, 3, 3, 3, 3]
  [3, 3, 3, 3, 3, 3, 3, 3, 3, 3, 3, 3, 3, 3, 3, 3, 3, 3, 3, 3]
  [3, 3, 3, 3, 3, 3, 3, 3, 3, 3, 3, 3, 3, 3, 3, 3, 3, 3, 3, 3]
  [3, 3, 3, 3, 3, 3, 3, 4, 4, 4, 4, 4, 4, 4, 4, 4, 4, 4, 4, 4]
  [4, 4, 4, 4, 4, 4, 4, 4, 4, 4, 4, 4, 4, 4, 4, 4, 4, 4, 4, 4]
  [4, 4, 4, 4, 4, 4, 4, 4, 4, 4, 4, 4, 4, 4, 4, 4, 4, 4, 4, 4]
  [4, 4, 4, 4, 4, 4, 4, 4, 4, 4, 4, 4, 4, 4, 4, 4, 4, 4, 4, 4]
  [4, 4, 4, 4, 4, 4, 4, 4, 4, 4, 4, 4, 4, 4, 4, 4, 4, 4, 4, 4]
  [4, 4, 4, 4, 4, 4, 4, 4, 4, 4, 4, 4, 4, 4, 4, 4, 4, 4, 4, 4]
  [4, 4, 4, 4, 4, 4, 4, 4, 4, 4, 4, 4, 4, 4, 4, 4, 4, 4, 4, 4]
  [4, 4, 4, 4, 4, 4, 4, 4, 4, 4, 4, 4, 4, 4, 4, 4, 4, 4, 4, 4]
  [4, 4, 4, 4, 4, 4, 4, 4, 4, 4, 4, 4, 4, 4, 4, 4, 4, 4, 4, 4]
  [4, 4, 4, 4, 4, 4, 4, 4, 4, 4, 4, 4, 4, 4, 4, 4, 4, 4, 4, 4]
  [4, 4, 4, 4, 4, 4, 4, 4, 4, 4, 4, 4, 4, 4, 4, 4, 4, 5, 5, 5]
  [5, 5, 5, 5, 5, 5, 5, 5, 5, 5, 5, 5, 5, 5, 6, 6, 6, 6, 6, 6]
  [6, 6, 6, 6, 6, 6, 6, 6, 6, 6, 6, 6, 6, 6, 6, 6, 6, 6, 6, 6]
  [6, 6, 6, 6, 6, 6, 6, 6, 6, 6, 6, 6, 6, 6, 7, 7, 8, 8, 8, 8]
  [8, 8, 8, 8, 8, 8, 8, 8, 8, 8, 8, 8, 8, 8, 8, 8, 8, 8, 8, 8]
  [8, 8, 9, 9, 9, 9, 9, 9, 9, 9, 9, 9, 10, 10, 10, 10, 10, 10, 10, 10]
  [10, 10, 10, 10, 10, 10, 11, 11, 11, 11, 11, 11, 11, 11, 11, 11, 11, 11, 11, 11]
  [11, 11, 11, 11, 11, 11, 11, 11, 11, 11, 11, 11, 11, 11, 11, 11, 11, 11, 11, 11]
  [11, 11, 11, 11, 11, 11, 11, 11, 11, 11, 11, 11, 11, 11, 11, 11, 11, 11, 11, 11]
  [11, 11, 11, 11, 11, 11, 11, 11, 11, 11, 11, 11, 11, 11, 11, 11, 11, 11, 11, 11]
  [11, 11, 11, 11, 11, 11, 11, 11, 11, 11, 11, 11, 11, 11, 11, 11, 12, 12, 12, 12]
  [12, 12, 12, 12, 12, 12, 12, 12, 12, 12, 12, 12, 12, 12, 12, 12, 12, 12, 12, 12]
  [12, 12, 12, 12, 12, 12, 12, 12, 12, 12, 12, 12, 12, 12, 12, 12, 12, 12, 12, 12]
  [12, 12, 12, 12, 12, 12, 12, 12, 12, 12, 12, 12, 12, 12, 12, 12, 12, 12, 12, 12]
  [12, 12, 12, 12, 12, 12, 12, 12, 12, 12, 12, 12, 12, 12, 12, 12, 12, 12, 12, 12]
  [12, 12, 12, 12, 12, 12, 12, 12, 12, 12, 12, 12, 12, 12, 12, 12, 12, 12, 12, 12]
  [12, 12, 12, 12, 12, 12, 12, 12, 12, 12, 12, 12, 12, 12, 13, 13, 13, 13, 13, 13]
  [13, 13, 13, 13, 13, 13, 13, 13, 13, 13, 13, 13, 13, 13, 13, 13, 13, 13, 13, 13]
  [13, 13, 13, 13, 13, 13, 13, 13, 13, 13, 13, 13, 13, 13, 13, 13, 13, 13, 13, 13]
  [13, 13, 13, 13, 13, 13, 13, 13, 13, 13, 13, 13, 13, 13, 13, 13, 13, 13, 13, 13]
  [13, 13, 13, 13, 13, 13, 13, 13, 13, 13, 13, 13, 13, 13, 13, 13, 13, 13, 13, 13]
  [13, 13, 13, 13, 13, 13, 13, 13, 13, 13, 13, 13, 13, 13, 13, 13, 13, 13, 13, 13]
  [13, 13, 13, 13, 13, 13, 13, 13, 13, 13, 13, 13, 13, 13, 13, 13, 13, 13, 13, 13]
  [13, 13, 13, 13, 13, 13, 13, 13, 13, 13, 13, 13, 13, 13, 13, 13, 13, 13, 13, 13]
  [13, 13, 13, 13, 13, 13, 13, 13, 13, 13, 13, 13, 13, 13, 13, 13, 13, 13, 13, 13]
  [13, 13, 13, 13, 13, 13, 13, 13, 13, 13, 13, 13, 13, 13, 13, 13, 13, 13, 13, 13]
  [13, 13, 13, 13, 13, 13, 13, 13, 13, 13, 13, 13, 13, 13, 13, 13, 13, 13, 13, 13]
  [13, 13, 14, 14, 14, 14, 14, 14, 14, 14, 14, 14, 14, 14, 14, 14, 14, 14, 14, 14]
  [14, 14, 14, 14, 14, 14, 14, 14, 14, 14, 14, 14, 14, 14]
心态标签的均值: 7.155296229802514
心态标签的方差: 21.0898866716732
心态标签的频率:
  1: 5.745062836624776%    2: 10.502692998204667%    3: 14.901256732495511%    4: 18.850987432675044%    5: 1.5260323159784561%    6: 3.5906642728904847%    7: 0.17953321364452424%    8: 2.3339317773788153%    9: 0.8976660682226212%    10: 1.2567324955116697%    11: 8.07899461400359%    12: 10.59245960502693%    13: 18.671454219030522%    14: 2.872531418312388%  
Key Words:#(新闻评论的关键词,TF-IDF值)
  [('疫情', 0.04567874727263559), ('开学', 0.03951458370403923), ('特朗普', 0.02993901312317123), ('检测', 0.026617997477336522)]
  [('隔离', 0.026508130505376513), ('新冠', 0.024777114308831363), ('病毒', 0.021478205064549182), ('核酸', 0.020491926846074825)]
  [('美国', 0.015624767736214629), ('口罩', 0.013165224374483458), ('瞒报', 0.012388557154415681), ('返校', 0.012213765306504455)]
  [('共同体', 0.009291417865811762), ('祖国', 0.008683800970660856), ('加油', 0.008460682738916703), ('隐瞒', 0.008450996818604374)]
  [('无症状', 0.008259038102943787), ('感染', 0.007866810911612804), ('留学生', 0.0076567558678490456), ('国家', 0.0074974806436752806)]
  [('湖北', 0.007040824585449598), ('防疫', 0.006979294460859689), ('大学生', 0.006979294460859689), ('中医', 0.006828936117070458)]
  [('境外', 0.006640068928903437), ('致敬', 0.00658595616257264), ('控制', 0.006540440055962284), ('学校', 0.006441912406525423)]
  [('黑人', 0.0064381891141411735), ('严防', 0.006384247553983462), ('国外', 0.006378951712828836), ('抗疫', 0.006194278577207841)]
  [('武汉', 0.006119935206322105), ('毕业生', 0.006115153097551039), ('出借', 0.005588707321656771), ('总统', 0.005324096095677601)]


